15
12 5 10
0 1111 3
0 2222 3
0 3333 3
0 4444 3
1 1111 3
1 3333 3
0 5555 6
1 2222 3
1 4444 3
0 6666 6
15 5 16
0 1111 3
0 2222 3
0 3333 3
0 4444 3
1 1111 3
1 3333 3
1 2222 3
1 4444 3
0 1111 3
0 2222 3
0 3333 3
0 4444 3
1 3333 3
1 2222 3
1 4444 3
0 5555 12
12 5 5
0 1111 3
0 2222 4
0 3333 3
1 1111 3
0 4444 3
1132 7700 488
0 8833 13
1 8833 13
0 42 11
0 9956 28
0 5535 20
1 42 11
1 9956 28
0 6986 13
0 6981 3
1 6986 13
1 5535 20
1 6981 3
0 4881 14
0 7992 28
1 4881 14
0 5204 26
0 9237 9
0 8314 13
0 5481 5
0 5257 25
0 7778 20
0 9411 4
0 6758 10
0 4525 13
0 783 2
0 3445 4
0 5384 8
0 9110 21
0 5035 7
0 4460 13
0 2611 6
0 4889 4
0 2540 30
0 6383 13
1 6758 10
1 4889 4
0 1286 14
0 3991 3
0 5722 1
0 2843 10
0 658 15
0 9669 12
0 167 20
0 9927 18
1 1286 14
0 3879 13
0 3156 22
0 1117 26
0 6467 2
0 1467 14
0 8890 28
1 9237 9
0 610 11
0 9950 30
0 2 28
0 3422 23
0 6636 8
0 6217 13
0 5794 1
0 1057 27
0 7739 1
0 3714 24
0 4829 30
0 1716 15
1 9411 4
0 7638 20
0 8180 28
1 4460 13
0 5141 19
0 8296 29
0 3777 9
1 5722 1
0 3033 25
1 8296 29
0 6442 7
0 4211 26
0 1760 23
0 5860 18
0 1605 14
0 5122 8
0 688 1
0 1330 17
0 3179 17
0 6560 10
0 6240 6
0 6582 30
0 2223 26
0 2826 23
0 3158 23
0 2541 29
0 6450 26
0 6353 30
0 7022 16
1 1330 17
0 2931 27
0 6057 15
0 2083 9
0 8510 19
1 5384 8
0 1659 19
0 2481 2
1 3445 4
0 5806 3
0 1930 1
1 2083 9
0 6438 7
0 3643 2
1 1057 27
0 6074 13
0 9712 7
0 9864 4
0 3601 3
1 7638 20
0 6172 11
0 867 4
1 5122 8
0 243 4
0 6484 3
0 3270 2
0 5776 4
1 167 20
0 1508 12
1 6560 10
0 8864 1
1 1605 14
1 5141 19
0 4179 19
0 1686 9
1 7022 16
0 2226 25
0 3138 13
1 7739 1
0 8076 1
1 9110 21
0 4785 14
0 8585 3
0 9698 3
0 7128 1
1 8864 1
0 9935 1
1 4179 19
0 3298 7
1 3270 2
0 2763 1
0 567 8
0 8334 5
1 1716 15
0 8086 7
0 4914 1
1 4525 13
1 8585 3
1 5204 26
1 2541 29
0 8069 18
1 7992 28
0 4795 23
0 2088 27
0 2761 18
0 1069 3
1 5794 1
0 682 1
1 6450 26
0 2806 2
0 344 11
0 2644 6
0 5158 22
0 8192 1
1 6353 30
0 7621 10
1 8180 28
0 4577 30
0 8917 16
0 5702 1
0 7070 2
1 7128 1
0 483 1
1 5257 25
0 7103 24
0 9268 1
1 6074 13
1 1467 14
0 1492 14
0 5274 11
1 4577 30
0 8336 9
0 1917 23
1 6217 13
1 567 8
0 9511 10
0 6554 7
1 1760 23
0 5054 10
1 8076 1
0 2168 10
0 6508 2
0 2768 3
1 4829 30
0 2222 4
0 5165 27
0 7163 1
0 9191 1
1 1508 12
0 2642 9
0 4116 1
0 431 2
1 3879 13
0 8841 7
0 6362 1
0 9249 4
1 5776 4
1 2826 23
0 5454 25
1 9268 1
0 2708 1
1 9864 4
0 3149 4
1 8841 7
0 1120 8
1 344 11
0 1007 1
0 1462 8
0 6166 2
0 8987 2
1 3156 22
1 8510 19
0 3226 26
0 2847 10
1 9511 10
0 8943 1
0 6908 4
1 8314 13
1 7621 10
0 9175 21
0 5112 2
0 6201 8
1 1917 23
0 1050 3
0 1796 13
0 5566 7
0 9893 2
1 9927 18
0 730 5
0 4110 6
0 500 2
0 889 2
0 1443 3
1 8943 1
0 7464 1
1 6362 1
0 5418 1
1 4785 14
1 7103 24
0 589 4
0 4292 10
0 7856 22
1 867 4
1 2 28
0 3602 3
0 5002 11
1 6438 7
0 7989 5
0 8899 4
0 1890 8
0 2063 2
0 4463 8
1 8336 9
0 4180 5
0 4254 1
1 9698 3
0 1393 3
1 6057 15
0 1049 1
0 3056 6
0 5886 2
1 7856 22
0 5270 8
0 2279 21
0 4938 2
1 3226 26
0 3512 7
0 34 3
0 706 2
0 6858 9
0 1156 5
1 2222 4
0 7083 4
1 5418 1
0 7565 1
1 5702 1
0 6751 1
1 2761 18
0 5555 6
1 6508 2
1 3777 9
1 3512 7
0 7591 30
1 3138 13
1 1492 14
0 790 15
1 6751 1
0 5726 7
0 4565 4
1 5555 6
0 8525 5
0 4294 3
1 483 1
0 1605 1
1 5274 11
0 9416 7
0 492 2
0 5385 1
1 2063 2
0 8990 3
1 2481 2
0 9971 1
1 5726 7
0 8962 2
0 8360 4
0 9960 2
1 1686 9
0 9233 5
0 7712 1
0 3075 1
0 9283 2
1 9935 1
0 2112 1
1 589 4
0 5488 1
0 5280 1
1 706 2
1 610 11
0 8909 10
0 8690 3
0 904 2
1 6636 8
1 3056 6
0 51 8
0 3097 2
0 4555 3
0 3171 1
1 7464 1
1 2168 10
0 278 8
0 7484 3
1 3601 3
0 3614 3
1 6240 6
0 5841 2
0 3242 2
0 7439 1
1 8990 3
0 4450 2
1 2644 6
0 8568 3
1 4914 1
0 3970 3
0 5626 1
0 3493 2
1 5158 22
0 4685 20
0 279 2
1 3602 3
1 6484 3
0 4163 4
0 7896 1
0 1668 1
1 2763 1
0 749 1
1 243 4
0 9629 1
0 2053 3
1 5806 3
0 4718 1
0 9968 1
0 5762 1
1 3493 2
1 6554 7
0 6186 8
0 2802 1
1 5112 2
0 9212 1
0 2400 1
1 5454 25
0 158 8
0 2262 15
0 7255 2
1 1117 26
1 9175 21
0 4924 8
0 1360 22
0 9245 15
0 1531 1
0 13 1
1 158 8
0 7353 7
0 9737 1
1 1007 1
0 4485 1
1 889 2
1 9245 15
0 5025 8
1 7070 2
0 5451 4
0 49 6
1 9960 2
0 457 2
0 8149 1
1 749 1
1 8568 3
0 1544 2
0 3221 2
1 3970 3
1 6858 9
1 6442 7
0 3029 4
0 6688 1
1 8917 16
1 4116 1
0 8689 19
0 1969 8
0 6252 4
1 9950 30
0 8882 14
0 9857 12
0 1191 1
1 5566 7
0 1257 3
0 811 1
0 9122 3
1 9712 7
1 9629 1
0 1264 10
0 5473 1
1 5385 1
1 5002 11
0 2748 7
0 1211 4
0 9619 1
1 8149 1
0 935 1
1 4211 26
0 7652 9
0 6751 17
1 1120 8
0 558 5
0 1779 2
1 3221 2
0 5118 3
1 3422 23
1 7353 7
0 3153 15
0 6415 5
0 3201 1
0 5950 1
0 1266 4
0 3346 1
1 8334 5
1 457 2
1 1890 8
0 1641 12
0 5077 6
1 2748 7
0 6366 6
0 5404 1
1 7712 1
0 5996 1
1 9212 1
0 9871 1
1 4463 8
1 7652 9
0 9082 6
0 8739 9
0 7112 1
0 6870 1
1 3643 2
0 5321 2
1 6383 13
0 850 8
1 2708 1
0 8534 1
0 520 1
1 9737 1
0 3038 5
1 5841 2
0 2514 1
0 8338 1
1 1049 1
0 6799 1
3953 10 24
0 175 26
1 175 26
0 147 6
0 6249 10
0 5868 8
0 261 26
0 3534 4
0 9950 16
0 4812 24
0 339 22
0 5451 12
0 9781 8
0 8796 20
0 9909 6
0 7677 19
1 3534 4
0 2785 20
0 1292 14
0 223 21
0 8088 27
0 7207 28
0 1290 14
0 2809 29
1 7207 28
1928 610 166
0 4127 26
1 4127 26
0 4659 11
0 6459 8
1 4659 11
1 6459 8
0 5739 4
0 5271 23
1 5739 4
1 5271 23
0 9508 26
0 6041 23
0 1579 29
0 7764 25
0 8941 4
0 4407 5
0 7738 17
0 9687 10
0 1215 26
0 2274 9
0 7088 17
0 2453 7
0 1161 13
0 4840 13
0 803 30
1 4840 13
1 803 30
0 1115 18
0 2703 17
0 7602 23
0 9594 26
0 443 4
0 7037 11
0 1 14
0 3522 22
0 5460 7
0 8331 20
0 3924 3
0 9380 18
1 2703 17
0 2093 22
1 9687 10
0 6945 4
0 1203 22
0 3764 4
0 5149 4
1 9594 26
0 8334 5
0 3248 28
1 443 4
0 8279 4
1 6945 4
1 8941 4
1 8334 5
1 7037 11
1 8331 20
0 8004 29
0 1434 3
0 2411 22
0 4147 1
1 1579 29
0 9260 1
1 5149 4
0 5753 23
0 9164 4
0 1204 27
0 6979 14
0 9371 6
0 3723 2
0 1608 25
0 6136 14
0 6413 26
0 7144 15
0 5434 6
0 8689 8
0 4430 15
0 2510 8
0 8477 13
0 96 19
0 6455 5
0 7574 9
0 2231 6
0 4708 8
0 310 29
0 4366 20
0 6327 4
0 7568 11
1 7764 25
0 1519 10
0 8939 20
0 1870 19
0 4228 7
0 4593 12
1 6979 14
0 9021 19
0 3669 21
0 989 19
0 9823 3
0 1038 20
0 378 13
0 339 7
0 1936 3
0 8567 25
0 4604 2
0 1162 19
0 444 6
0 1506 15
0 3577 21
1 96 19
0 2997 11
0 7831 19
1 9371 6
1 7602 23
0 9287 17
0 9724 14
0 4760 22
0 4742 2
1 378 13
0 5860 2
0 8333 29
0 7782 27
1 8333 29
0 3213 6
0 5933 25
0 1605 6
0 6780 22
0 4484 7
0 7698 11
1 5753 23
0 5281 2
1 5434 6
0 8660 7
1 7782 27
1 9021 19
0 1349 1
1 2093 22
0 3869 22
0 338 18
0 4107 24
0 5987 23
0 5166 14
0 6474 17
0 1545 29
0 5011 6
1 1605 6
0 4609 25
0 7759 14
0 7 26
0 9044 8
1 7759 14
0 1808 11
0 5885 4
0 1282 21
1 8279 4
0 5239 7
0 9759 11
0 5927 20
1 6413 26
0 3236 3
0 2440 30
0 5821 27
0 6180 4
0 4302 5
0 6596 11
0 432 24
0 2713 6
8056 710 166
0 6468 28
0 790 25
1 6468 28
0 2784 26
0 7875 19
0 2709 6
0 5638 9
0 9320 5
0 2949 25
0 7487 16
1 790 25
0 3937 6
0 3709 15
1 9320 5
1 2784 26
0 8676 13
0 9616 29
0 6026 20
0 2023 19
0 8254 25
0 1984 19
0 2365 16
1 2365 16
0 329 9
0 1356 15
0 6600 9
0 5391 4
0 2109 9
0 298 20
0 4656 29
0 7015 8
0 4093 10
0 9518 5
0 2682 15
0 1037 19
0 3878 1
0 2078 5
0 9428 5
0 1901 29
0 7559 22
0 7987 7
0 781 22
0 1595 23
0 6535 13
0 2598 30
0 7852 17
0 708 6
0 6310 4
0 2140 3
0 9419 30
0 6710 21
1 6310 4
0 8274 8
1 708 6
0 9671 25
0 6118 5
0 4183 13
0 1358 8
0 7711 11
0 1644 28
0 6094 23
0 3014 6
0 1110 26
0 6384 7
0 589 3
0 7059 12
1 2598 30
0 8865 7
0 6914 3
0 8253 23
0 7682 12
1 8865 7
0 654 7
0 7407 13
0 5262 3
0 3810 25
0 2702 19
0 434 28
0 4292 17
0 4658 6
0 1315 5
0 8447 17
0 6682 23
1 1037 19
0 3919 6
0 4026 30
1 434 28
0 7293 30
0 6438 30
0 7049 2
0 1749 26
0 6716 7
1 5638 9
1 3709 15
0 9310 20
0 1320 24
1 8447 17
0 7526 12
0 3044 17
0 6336 9
1 7487 16
0 4854 4
0 9508 29
0 2062 19
0 4685 5
0 6864 14
1 7407 13
0 347 21
0 237 30
0 429 15
0 3882 17
1 9310 20
0 8 24
0 5442 11
0 8112 17
1 7049 2
0 6163 28
1 1315 5
1 7559 22
0 6971 5
0 9382 22
0 9260 25
0 7240 27
0 391 5
0 4045 27
0 8019 6
0 8653 5
0 998 5
0 1250 2
0 2842 13
0 1316 3
0 4228 9
0 5211 22
0 7001 3
1 2140 3
0 2261 1
0 8819 11
0 698 7
1 5391 4
0 3623 20
0 501 27
0 702 22
1 7682 12
1 4292 17
0 7745 15
0 2281 27
0 1690 9
0 2701 13
0 8789 8
0 5187 7
1 9419 30
1 1749 26
0 9867 28
0 8208 7
0 4205 25
0 6107 20
1 2062 19
0 7052 24
0 6407 13
0 4995 29
0 9936 16
0 4621 26
1 8208 7
0 4789 2
1 6682 23
0 3206 8
8706 2700 396
0 9995 26
0 9418 16
0 4394 2
0 2486 29
0 5320 7
0 6842 30
0 6282 28
0 6582 22
1 4394 2
0 9328 9
0 7314 10
1 2486 29
0 2577 6
1 7314 10
0 1395 21
0 3082 5
1 9418 16
1 3082 5
0 2653 25
0 1782 28
0 2671 25
0 1293 16
0 5135 18
1 2577 6
0 7221 5
1 9328 9
1 6842 30
0 3401 27
0 4719 15
0 9079 24
0 3509 6
0 5336 7
0 9217 13
1 9995 26
0 3647 20
1 5336 7
0 2101 16
0 4356 22
0 4171 17
0 4812 16
1 3509 6
0 4633 14
0 9546 5
1 4719 15
0 285 25
0 2871 24
0 8031 19
0 1279 14
1 8031 19
1 6282 28
1 1782 28
0 754 3
0 4628 12
0 7646 29
0 719 27
0 3619 2
0 58 24
0 148 17
0 685 29
1 4628 12
0 8063 24
1 3619 2
0 8369 27
0 8078 20
0 1777 26
1 754 3
0 9947 17
0 2675 17
0 7929 5
1 4356 22
0 2305 26
0 8003 23
0 3245 20
0 2254 10
0 5336 13
0 9516 27
0 9598 26
0 7821 7
0 5757 10
0 4258 2
1 685 29
1 9546 5
0 2658 7
0 9142 13
0 9224 3
1 6582 22
0 5630 2
1 7646 29
0 4950 11
0 9749 8
0 1160 18
0 9004 19
0 2243 11
0 2136 14
1 5630 2
0 4435 18
1 4171 17
0 3482 14
0 3590 3
0 4828 28
0 2103 9
0 1275 13
0 4507 30
0 8670 24
0 3773 8
1 4507 30
1 3647 20
0 6 6
0 5345 5
0 8523 11
1 9004 19
0 2663 3
0 1396 3
0 6688 13
0 3410 27
0 9093 25
0 9454 25
0 5649 21
0 154 25
0 31 30
0 9838 21
0 3685 29
0 3585 27
1 58 24
0 9212 18
1 7929 5
0 3335 16
0 6028 9
0 1748 9
0 1769 9
0 6914 16
0 2714 18
1 7221 5
0 3559 23
0 2102 29
0 6479 18
0 8481 17
0 1082 6
0 2104 11
1 9224 3
0 8989 26
0 6473 10
0 5103 20
0 2090 19
0 9438 30
0 8951 26
0 2080 8
1 154 25
0 6305 18
0 1229 25
0 2326 1
0 3817 21
0 9618 8
0 9517 20
0 447 25
0 2786 24
0 1148 5
0 7313 24
0 9935 30
0 3063 20
0 6463 11
0 3079 7
0 1043 25
0 8717 19
0 4475 27
1 8003 23
1 9935 30
0 9843 30
0 5100 29
0 4425 6
1 4258 2
0 1770 1
0 4947 24
0 456 16
0 385 20
0 6344 19
0 9298 8
1 6305 18
0 355 24
0 2177 29
1 1748 9
0 1776 6
1 1229 25
0 2290 13
0 1928 20
1 3817 21
0 7477 17
0 7509 1
1 1928 20
0 1057 24
0 278 30
0 3057 17
0 9611 21
0 946 10
1 4947 24
0 2248 27
0 3722 22
0 5914 17
0 3060 12
0 2130 7
0 6126 5
0 1061 11
0 3429 21
0 2516 10
0 3804 11
0 5055 18
0 4404 30
0 1069 13
0 8295 26
0 762 13
1 6126 5
1 3401 27
1 8523 11
1 1770 1
0 7943 3
0 789 9
0 79 29
0 1135 7
0 4442 8
1 2671 25
1 9438 30
0 7839 18
0 3786 13
0 6743 25
1 8951 26
0 3127 14
0 531 1
0 8066 2
0 2211 27
0 178 23
0 1186 2
0 7633 15
0 6624 16
0 5153 10
0 485 28
0 4066 4
1 31 30
0 2217 28
0 90 16
0 8926 10
0 2975 26
0 6786 6
1 9838 21
0 2758 27
0 3525 18
0 7568 23
0 7452 11
0 2604 7
0 1183 25
1 4404 30
0 4316 2
0 2157 22
0 4014 2
1 2130 7
0 1421 15
0 8431 17
0 2963 2
0 360 8
1 6914 16
0 6049 26
0 8791 10
0 4422 3
0 3171 1
0 1446 17
0 9507 21
1 1043 25
0 4714 12
0 3523 17
0 8048 6
0 1316 13
0 98 25
1 9611 21
0 7970 8
0 1071 12
0 906 26
0 7472 3
0 1748 11
1 4014 2
1 4714 12
0 387 7
1 5103 20
0 1568 9
0 3788 26
0 831 10
0 9065 13
0 5870 7
0 2573 24
0 5989 9
0 4070 12
0 2344 30
0 8193 12
0 537 16
0 2346 7
0 5946 18
0 6280 24
0 5233 8
0 7545 29
0 8213 16
0 323 1
0 6613 15
0 4817 25
0 9764 20
0 2615 10
0 2121 16
1 9142 13
0 4270 27
0 1269 25
0 2393 1
0 824 19
0 6777 10
0 3558 13
0 6009 15
0 8069 8
0 7054 29
0 2808 2
0 1608 9
0 4180 2
0 7033 9
0 6575 18
0 613 10
0 597 15
1 3245 20
0 3242 21
0 4288 30
0 6462 11
0 4281 19
1 2254 10
0 9889 9
0 988 23
1 9889 9
0 7874 17
0 250 24
0 6078 24
0 6865 20
0 10 22
0 9747 22
0 8144 4
0 8307 27
0 1187 19
0 8220 4
0 2613 15
0 3081 26
0 2091 22
0 8262 4
0 1278 29
0 9580 26
0 504 7
0 7071 13
0 4606 27
0 2960 12
0 6006 14
0 6636 1
0 6210 6
1 1748 11
0 1715 26
0 8501 19
0 17 24
0 4323 26
0 7523 11
0 866 20
0 8023 11
1 79 29
0 6326 3
0 8399 29
0 1407 23
0 8173 30
1 4425 6
0 228 5
0 5872 5
0 1018 19
1 8023 11
0 3620 26
1 8048 6
0 7306 24
0 2451 16
0 3221 3
1 2808 2
0 9211 19
0 9147 24
0 6128 28
0 1356 17
0 233 5
0 1263 20
0 6625 3
0 8790 1
0 898 23
1 10 22
0 572 7
0 6173 9
0 4854 9
0 862 30
0 8260 22
0 2781 29
0 9106 16
0 7901 7
1 6128 28
6723 3100 356
0 1543 3
1 1543 3
0 8207 24
0 1964 22
1 1964 22
0 7048 28
1 7048 28
0 5232 27
0 9271 22
0 6112 1
0 2550 12
0 9284 4
1 6112 1
1 5232 27
0 6360 3
0 2129 11
1 9284 4
0 5447 27
1 2129 11
0 7639 21
1 7639 21
0 389 29
1 389 29
0 8009 9
0 8654 7
0 3510 29
0 4971 4
0 718 22
1 8009 9
1 9271 22
0 5152 16
0 5135 22
0 8319 6
1 2550 12
0 2977 12
0 202 27
0 7330 2
1 5135 22
0 2304 12
0 9902 21
1 718 22
0 8929 11
0 7063 20
0 271 11
0 7555 20
0 1109 3
0 4887 30
0 2317 19
0 4079 21
0 8864 15
0 4567 2
0 153 2
1 7330 2
1 1109 3
0 3070 16
1 4567 2
0 294 24
0 5870 15
1 8864 15
0 5092 14
0 6246 26
0 9538 24
0 1697 13
0 6420 6
0 5247 2
1 5447 27
0 9838 22
1 9538 24
0 8620 27
0 9384 5
0 2609 11
0 8971 1
0 2457 5
1 6420 6
0 7990 21
0 8039 5
0 514 3
0 6557 1
0 1659 2
0 2660 24
0 4939 16
0 7790 2
0 6676 28
0 4374 2
0 9918 2
0 2620 11
1 5870 15
0 475 5
0 5709 22
0 3206 6
0 401 24
0 1064 25
0 3377 26
0 8080 23
0 5936 19
0 596 11
0 2334 17
0 7078 21
0 8282 29
1 1064 25
0 5359 17
1 2660 24
1 202 27
1 271 11
0 1300 1
0 1412 20
0 6239 22
0 463 12
1 6239 22
0 7401 22
0 578 29
0 1348 30
0 8404 27
1 9384 5
1 8620 27
0 5136 18
0 8988 15
0 7638 3
0 2057 27
0 6208 25
0 1505 3
0 7472 20
1 8039 5
0 7974 29
0 6863 18
0 2712 5
0 7558 29
0 8316 20
0 260 8
0 5629 23
0 2507 18
0 3400 29
0 2245 10
0 1100 6
0 3232 7
0 8846 4
0 8204 30
0 214 23
1 153 2
0 2237 24
0 3715 22
0 121 8
0 8389 11
0 2344 14
0 220 22
0 7682 2
1 1505 3
1 5152 16
1 3070 16
0 1077 21
0 4372 6
1 3510 29
1 1100 6
0 1230 5
0 3869 6
0 5828 10
1 6557 1
0 9749 15
0 5775 5
0 600 30
0 1819 27
0 3229 26
1 1230 5
0 6051 15
0 8687 22
0 2613 3
0 6613 7
1 7974 29
0 7343 20
1 475 5
0 9499 26
0 6146 19
0 4912 3
0 5491 6
0 4037 15
1 9499 26
0 6519 27
0 5365 17
0 3788 8
0 8781 30
0 399 21
1 5491 6
0 704 18
0 4452 27
0 564 18
0 889 8
0 4965 2
0 5235 10
0 3213 10
0 826 25
0 1997 16
0 3899 26
0 108 15
0 7914 7
1 7472 20
0 6890 25
0 5526 15
0 7000 25
0 1977 16
1 108 15
0 3353 11
0 8512 12
1 5136 18
0 2940 16
0 6281 20
0 3678 26
0 7564 1
0 1813 11
0 6279 16
0 9297 18
0 9788 27
0 3461 23
0 7364 13
0 9100 10
1 9100 10
0 1192 19
0 2109 27
0 7458 28
0 652 15
0 5569 25
0 617 23
0 7120 10
0 7781 6
0 405 27
1 564 18
0 2832 18
0 9590 22
0 1359 8
0 7684 19
0 4096 5
0 9990 5
1 8846 4
0 2175 22
0 592 17
0 5567 13
1 405 27
0 7177 9
0 2242 4
0 6927 12
0 5066 21
0 9025 9
0 3855 12
0 4405 3
0 9032 4
0 5973 25
0 3965 18
0 3808 3
0 6553 28
0 848 21
0 842 12
0 664 2
0 8843 13
0 8334 23
0 2444 23
0 9269 27
0 5482 6
0 2368 1
1 7458 28
0 1576 1
0 2795 6
0 7805 23
0 7223 1
0 4609 6
1 9297 18
0 3914 22
1 4912 3
0 6587 30
0 5276 22
0 5737 22
0 1686 26
0 1799 11
0 6656 17
0 150 30
1 6051 15
0 5386 15
0 2319 7
1 4374 2
0 9655 18
0 3813 6
0 434 28
0 8987 23
0 9057 12
0 9458 25
0 9822 11
1 5235 10
1 9590 22
0 9648 9
0 1500 24
0 2405 15
0 8068 30
0 3332 5
1 399 21
0 7735 15
1 1659 2
1 8282 29
0 606 24
0 7396 4
0 8474 8
0 3012 20
0 7514 28
1 3213 10
0 377 27
0 5075 10
1 7990 21
0 8780 1
0 4868 19
1 7514 28
0 7971 5
0 5551 9
0 6382 21
1 9788 27
1 121 8
0 8069 16
1 5092 14
0 4933 6
0 8600 10
1 7364 13
0 8766 13
0 9983 10
0 3732 9
0 1924 19
0 9203 2
0 2074 28
0 3968 28
0 453 29
1 8843 13
0 3591 28
0 3155 11
1 3732 9
0 3729 3
1 8068 30
0 6933 6
0 4022 24
0 593 26
1 4939 16
0 3532 16
0 3035 13
1 5526 15
0 1647 5
0 5911 13
0 9755 3
1 294 24
0 666 3
0 2483 11
1 3869 6
0 5842 19
0 9741 30
1 2237 24
1 9458 25
0 9805 11
1 5386 15
1 1348 30
0 7641 14
0 2557 7
0 7995 11
0 428 10
1213 2100 248
0 9907 19
0 3176 17
0 1418 9
0 721 30
0 9491 24
0 6301 20
0 7635 21
0 2785 13
0 3249 22
0 2002 26
0 1115 16
0 7047 1
0 8186 1
0 5765 2
0 5908 29
0 8058 26
0 1952 6
0 1433 1
0 3502 15
0 7290 27
0 4987 16
1 721 30
0 7787 27
0 7718 30
0 1300 28
0 215 16
0 6243 27
1 1300 28
0 5857 8
0 5310 24
0 1172 16
1 215 16
0 196 17
1 8058 26
0 9963 10
0 7539 6
0 5812 26
1 1952 6
0 5133 9
1 4987 16
0 630 2
0 1143 8
0 3058 14
1 9963 10
0 1708 6
0 6530 26
1 5857 8
0 7273 26
0 2205 11
0 3633 14
0 8622 22
0 8558 28
0 3079 10
1 1115 16
0 1304 28
1 2002 26
1 630 2
0 5324 27
0 4239 26
0 9196 5
0 542 22
0 6168 21
0 1490 4
0 6993 30
0 4377 20
1 5812 26
0 1405 6
0 6793 24
0 6200 9
0 252 13
1 252 13
0 9325 2
0 4884 20
0 4593 3
0 7096 28
0 1419 24
0 6516 15
0 4569 24
0 2846 21
0 6286 9
0 5618 13
0 628 30
0 1719 5
0 1632 6
0 2754 27
1 5765 2
0 8844 22
0 3206 22
1 7047 1
1 7718 30
0 2462 19
0 8034 19
0 9529 21
0 6018 11
0 3381 24
0 2005 9
0 7125 14
0 3544 25
0 1237 6
0 2340 13
0 5549 10
1 4884 20
1 2005 9
0 2187 29
0 7859 24
0 2220 2
0 8764 6
0 899 2
0 2555 4
1 7096 28
1 7290 27
0 5253 4
1 2555 4
0 5786 5
1 3381 24
0 3783 13
0 9898 8
0 1869 4
1 9907 19
0 5546 24
0 5837 20
0 3270 7
0 3753 11
0 2575 7
0 8666 1
1 1237 6
0 7458 1
1 9325 2
0 6704 3
0 5412 2
0 5448 2
1 1708 6
0 8880 5
1 6168 21
0 9732 1
0 459 12
0 7819 3
1 4239 26
0 6421 30
0 9852 1
0 8641 1
1 6793 24
0 4416 24
1 5133 9
1 5786 5
0 7476 11
1 4593 3
0 7839 3
1 4416 24
0 1999 24
0 3088 2
0 9161 1
1 8764 6
0 7629 6
1 1172 16
0 2194 16
1 7635 21
0 6616 6
0 336 11
0 2907 3
0 8196 1
1 8666 1
0 2643 1
1 899 2
0 6833 2
1 9898 8
0 3765 8
1 7476 11
0 1309 6
0 9132 1
0 5608 4
1 336 11
0 1321 1
0 3784 5
0 4256 3
1 6616 6
1 7629 6
1 6833 2
0 7431 2
0 3279 4
1 2187 29
0 3763 15
1 5253 4
1 5324 27
0 4169 26
0 1478 22
0 7930 6
1 2462 19
0 1287 15
0 8636 3
0 551 1
1 4569 24
1 2785 13
0 5657 22
0 7644 7
0 3181 5
0 5902 4
1 3181 5
0 7511 4
0 4477 1
1 8844 22
0 306 22
1 628 30
0 6624 7
0 3599 19
0 7177 3
1 1419 24
0 4476 12
0 9657 9
0 5935 2
0 8579 1
0 3896 1
1 8636 3
0 5046 1
0 3488 2
1 1632 6
0 1691 2
0 7386 3
0 4457 1
1 1999 24
0 8813 5
1 3088 2
0 3558 14
0 4013 4
1 9491 24
0 200 4
0 4860 20
1 2575 7
0 2316 7
0 3728 1
0 9907 1
1 5902 4
0 5593 2
0 1574 2
0 8345 1
1 1309 6
1 8622 22
0 1487 10
0 9572 7
0 8273 10
1 2754 27
1 6516 15
0 5353 19
0 3991 1
1 6286 9
0 2933 21
0 460 5
0 3244 5
6309 60 60
0 680 11
0 2538 30
0 5776 23
1 680 11
1 2538 30
0 3781 10
0 2300 17
0 2941 8
1 2300 17
0 1976 24
0 8921 5
0 2310 5
1 5776 23
0 260 9
0 8636 3
1 2941 8
0 9956 29
0 8594 7
1 2310 5
0 5250 25
0 4807 3
0 6331 27
0 4996 20
0 4859 23
0 1130 29
0 6855 23
0 6980 27
0 4551 11
0 4798 19
0 9963 10
0 1294 23
0 1645 12
0 8562 2
0 1179 22
1 9963 10
0 7880 25
1 1645 12
1 6331 27
0 5208 27
0 8236 1
0 2878 28
0 8192 3
0 4516 2
1 6855 23
0 9150 27
0 6866 1
1 6980 27
0 3694 27
0 2184 7
0 5476 28
0 6271 7
0 1840 3
0 7839 1
0 8365 22
0 9316 17
0 575 1
0 6883 26
0 343 30
0 6169 22
0 1704 11
7996 19000 849
0 2963 29
1 2963 29
0 1920 24
0 1838 14
0 1456 28
0 4419 3
1 1920 24
0 6292 10
0 3823 15
0 3359 25
0 1998 15
1 6292 10
0 2406 16
0 4584 16
0 2731 23
1 1838 14
0 8165 18
1 4419 3
0 4330 14
1 3823 15
0 1793 21
0 2870 11
0 9591 29
0 1838 8
0 919 9
0 6710 17
0 1412 16
0 3768 9
0 9356 8
0 9558 8
1 9558 8
0 629 16
0 9185 27
1 1456 28
0 3673 1
0 376 12
0 751 26
0 2973 26
0 4935 2
1 376 12
0 1944 1
0 1640 19
0 3412 2
0 5144 6
0 345 3
0 2407 1
0 2601 13
0 3511 9
0 5615 24
0 6434 14
1 3412 2
0 7879 16
0 6772 18
0 262 27
0 2803 30
0 2514 18
0 7490 12
1 7490 12
0 1256 24
0 7645 23
0 4395 3
0 3133 18
0 5685 12
1 919 9
1 2407 1
0 7912 14
1 1412 16
1 1998 15
0 614 16
0 4277 1
0 6474 26
1 1793 21
0 6633 10
0 3852 27
0 8837 5
0 9481 26
0 450 7
0 4937 27
0 57 15
0 9066 8
0 1670 2
1 629 16
0 6927 2
0 8701 2
0 2878 6
0 8147 26
1 345 3
0 967 13
0 9740 18
0 417 14
0 6252 3
1 1838 8
0 5330 29
0 4895 19
0 2629 5
0 5917 30
0 553 14
0 2642 4
0 3147 14
0 2469 13
0 1218 13
0 4547 26
0 3644 8
0 7672 15
0 9547 24
1 3511 9
0 1662 2
0 9716 25
1 751 26
0 1589 13
0 4977 27
0 7968 25
0 3703 9
0 2185 21
1 1662 2
0 8592 15
0 8238 18
0 8303 17
0 8537 4
0 8153 5
0 2520 14
0 908 11
1 1670 2
0 7549 23
0 8488 14
0 7220 6
0 3656 20
0 4849 14
0 788 7
0 5205 18
0 5739 25
0 6830 4
1 5685 12
0 8551 12
0 4514 19
0 7947 12
0 4483 19
0 93 13
0 5464 6
0 841 23
0 9895 3
0 5476 12
0 1182 17
0 7482 14
0 958 11
0 1417 12
0 3619 9
0 6916 16
0 6490 27
0 8599 5
0 2724 19
1 8153 5
0 3292 25
0 9649 15
0 5181 27
0 1094 23
0 2735 18
0 9348 26
0 3693 27
0 2167 20
1 9348 26
0 2194 16
0 3450 17
0 4812 24
1 9740 18
0 8808 22
0 7580 1
0 7803 29
0 9202 6
0 4644 18
0 8741 18
0 2529 16
1 2406 16
0 4284 24
0 4299 20
0 1969 13
0 9889 5
0 8912 30
0 2210 27
0 6105 30
0 9243 19
0 8330 29
0 5478 16
0 6187 10
1 4584 16
0 9363 15
0 5521 24
0 4760 17
1 841 23
0 1023 14
0 8643 2
0 1176 7
0 532 13
0 4327 19
0 8471 16
1 2878 6
1 2642 4
0 5316 17
0 7866 14
1 958 11
0 1277 27
0 5611 15
0 8840 10
0 2335 19
1 7482 14
1 8471 16
1 4514 19
1 8330 29
0 2173 30
0 9669 4
0 3070 22
0 2663 29
0 8761 16
0 8796 16
0 369 17
0 4710 15
0 4118 4
0 3951 2
0 7814 21
0 6780 18
1 6927 2
0 7377 13
0 685 1
0 3891 22
0 7092 18
0 9860 29
0 3533 10
0 6973 29
0 1625 18
0 812 22
1 4977 27
0 496 2
0 110 21
0 3601 18
0 2937 16
0 3523 26
0 8417 18
0 5160 23
0 9708 11
0 2485 3
0 2068 18
1 3644 8
0 4113 5
0 953 19
0 373 8
0 8659 22
0 4399 10
1 6105 30
0 9203 1
0 4523 29
1 6252 3
1 3133 18
0 1360 1
0 9618 12
1 2068 18
0 4307 7
1 417 14
0 8922 25
0 6287 26
0 661 17
0 289 29
0 9452 17
0 7817 27
1 5615 24
0 1508 12
0 370 20
0 7316 9
1 5521 24
0 2122 8
0 8987 1
0 5789 16
0 9607 29
1 2724 19
0 701 1
1 4547 26
1 3450 17
0 8914 10
1 1256 24
0 4825 14
1 8592 15
0 9497 13
0 5149 7
0 3103 24
0 8563 16
0 6193 17
0 5434 8
0 2352 18
0 612 11
0 4509 2
0 2107 24
0 6159 4
1 9860 29
0 2809 16
1 8761 16
0 5084 13
0 6019 23
0 6472 22
0 746 23
1 5084 13
0 3890 4
0 2965 15
0 5153 4
0 8295 10
0 8679 1
0 5250 26
1 8922 25
0 3134 7
1 7803 29
0 7719 6
0 4748 2
0 3347 16
0 3100 2
0 2246 19
0 633 17
0 7491 21
1 9607 29
1 612 11
0 9387 23
1 1277 27
0 8678 30
0 1580 28
0 4124 17
0 1077 16
0 4959 13
0 4278 2
1 2469 13
0 5792 16
0 5668 12
1 1969 13
0 7014 21
1 2352 18
0 9697 9
1 2246 19
0 1495 25
0 5392 10
0 922 26
0 281 9
0 912 8
0 6230 20
0 9695 20
0 3128 5
0 268 21
1 3523 26
0 6395 25
0 4506 18
0 2323 9
0 9286 18
0 7425 16
1 3347 16
0 7618 11
0 389 9
0 20 13
0 5231 8
1 110 21
0 219 11
0 6216 22
0 9680 16
0 9608 1
1 7618 11
0 1887 30
1 3656 20
0 7020 11
0 6276 22
0 5956 11
0 1362 21
1 93 13
0 7979 18
0 410 21
0 7336 17
0 3502 23
0 6560 2
0 9675 9
1 9066 8
0 4188 23
1 3619 9
0 4720 24
1 7866 14
0 6994 26
0 6235 23
0 8131 25
0 5263 10
0 6024 30
1 685 1
0 8916 11
0 5359 30
0 2994 21
0 2470 9
0 6942 11
0 266 6
0 5241 14
0 2754 19
0 6573 14
1 5149 7
0 2522 28
0 1425 7
0 917 3
0 6596 6
0 2442 28
0 2043 25
0 6143 4
0 1264 14
0 1385 15
1 5250 26
0 5128 29
0 6771 26
0 2810 12
1 9675 9
1 3147 14
0 1872 20
1 2809 16
0 6140 13
0 4323 17
0 7206 6
0 4499 30
1 2735 18
1 4399 10
0 4142 26
0 663 4
0 1976 22
0 2541 26
0 1635 22
0 9375 3
1 6193 17
1 5792 16
0 4749 12
1 8837 5
1 450 7
0 2662 18
0 6261 9
0 720 21
0 5877 22
0 7955 16
0 552 24
0 2085 22
1 2122 8
0 9718 15
0 4809 30
0 3978 15
0 7825 27
0 2415 1
0 9005 12
0 5824 2
0 3383 11
0 5472 25
0 5289 6
0 5142 11
0 6525 8
0 7962 16
0 438 7
0 9301 22
1 8701 2
0 9653 14
0 6240 28
0 8673 11
0 4814 20
0 7478 11
0 2092 1
1 4825 14
0 3628 5
0 1829 29
0 5999 1
0 5971 28
1 281 9
0 121 24
0 2384 28
0 7963 4
1 6143 4
0 3267 19
0 1238 9
1 720 21
0 6202 12
0 2454 25
1 1635 22
1 9387 23
0 2125 20
0 3722 4
0 4737 25
0 8819 5
0 7287 14
0 9140 26
0 7857 18
1 7912 14
0 9820 25
0 3606 12
0 5827 7
1 1077 16
0 6663 22
0 1809 29
0 9807 24
1 4935 2
0 5429 8
0 3707 22
0 6803 27
0 6044 20
0 8788 11
0 8188 11
0 8446 9
0 3076 14
0 3562 30
1 5824 2
0 3173 4
0 1666 27
0 5444 9
0 5536 29
0 2624 25
0 5939 30
0 5041 5
0 1711 21
0 7501 6
0 2448 24
1 1872 20
0 25 2
1 812 22
0 213 30
1 4506 18
0 9729 29
0 548 23
0 7140 11
1 5429 8
1 4814 20
0 1178 5
0 3937 21
0 822 10
0 2497 13
1 370 20
0 7101 12
0 2374 16
0 964 21
0 7072 19
0 9801 24
0 9520 3
0 2325 12
0 7741 5
0 793 18
0 9815 23
0 8989 30
0 580 3
0 4657 28
0 4397 29
0 1236 10
0 3716 1
0 2055 3
1 7377 13
0 7941 17
1 213 30
0 3947 22
0 1868 21
1 3628 5
0 6252 25
1 1829 29
1 1425 7
0 2984 25
0 8128 26
1 8599 5
0 7556 30
0 6468 13
0 6461 21
0 5309 3
0 2242 25
1 5464 6
0 7084 5
0 9691 14
0 8926 26
0 8605 9
0 1501 2
1 5309 3
0 7748 22
1 1385 15
0 5522 16
1 1360 1
0 8040 13
0 741 16
0 589 21
0 3291 16
0 4668 29
1 9729 29
0 4364 13
0 9214 6
0 6540 5
1 8679 1
1 1176 7
0 3791 14
0 4857 30
1 3978 15
0 5635 22
0 6407 30
0 8146 9
0 9826 14
0 6627 23
0 2860 30
0 3485 10
0 9529 23
1 1944 1
0 9026 25
0 6089 8
0 5681 12
1 8926 26
0 5419 28
0 2176 15
0 667 15
1 57 15
0 1645 24
0 6041 11
0 8842 2
0 979 17
1 4364 13
0 2078 13
0 3815 24
0 7983 11
0 6346 15
0 941 22
1 9695 20
1 1580 28
0 9056 7
0 1659 24
0 6555 6
1 8673 11
1 8842 2
0 5875 27
1 3291 16
0 5156 24
0 3077 26
0 2804 30
0 1947 27
0 1830 17
0 1392 3
0 6415 8
0 3022 27
0 1500 11
0 7404 13
0 4631 3
0 5806 6
0 6753 6
0 8210 10
0 847 15
0 5331 10
0 2130 2
0 9446 16
0 7149 24
0 2801 14
0 2675 18
0 1450 24
0 2881 18
0 976 3
1 9691 14
1 912 8
0 2780 10
0 6624 10
0 2440 8
1 1450 24
0 4486 30
0 4108 11
0 493 9
1 2323 9
1 9203 1
0 9841 4
0 7447 18
0 7796 20
0 4444 29
0 5107 11
1 3076 14
0 6067 23
0 6778 8
0 7225 24
1 4113 5
0 7720 21
1 6474 26
0 7033 24
0 2247 24
0 6630 7
0 384 7
0 5324 18
0 9660 18
1 1645 24
0 1150 17
0 229 30
0 4344 16
0 6949 11
0 6144 10
0 7320 30
0 4803 22
0 1490 28
0 5158 6
0 2209 6
0 5696 27
0 896 21
1 2055 3
0 8773 4
0 5928 24
0 2574 27
0 3122 7
0 7327 24
1 589 21
0 1606 19
0 5219 7
0 8521 3
0 399 5
0 5837 16
0 7054 15
1 1868 21
1 7404 13
0 8006 25
0 1959 28
0 9671 30
0 73 7
0 3036 20
1 2442 28
0 3293 16
0 631 23
0 1054 8
0 4316 15
0 598 28
1 8040 13
0 3035 25
0 9115 27
0 8237 18
0 2201 16
0 3135 25
0 2539 24
0 1762 21
1 967 13
0 9635 2
0 3392 18
1 5331 10
0 9922 25
0 313 27
0 9827 2
0 294 25
0 1331 1
0 6113 1
0 5300 28
0 2872 30
1 262 27
0 7908 25
0 1395 3
0 9622 9
0 4498 12
0 8570 20
0 9830 8
0 2267 25
0 4985 8
0 4948 4
0 5450 25
1 3951 2
0 1430 30
0 3591 16
0 8366 7
1 4523 29
0 310 16
0 9984 28
1 1809 29
0 3418 19
0 6449 5
0 8962 16
0 9102 16
0 3248 19
0 791 27
0 9530 8
0 7666 17
1 6346 15
0 6178 17
0 4197 16
0 4458 6
1 2780 10
0 2199 29
0 241 19
0 1019 22
0 9906 5
0 1400 8
0 1614 18
0 4911 18
1 2130 2
1 4142 26
1 7014 21
0 6604 4
0 5650 23
0 6851 8
0 8217 12
0 9203 9
0 40 19
0 2568 20
0 6763 16
1 1501 2
0 836 1
1 3703 9
0 8458 28
1 3383 11
1 6089 8
1 1947 27
0 4520 29
0 9397 17
0 693 9
0 911 2
0 1382 9
1 8537 4
0 9147 7
0 1153 12
0 227 11
0 2809 21
0 2148 2
0 2527 7
0 1997 7
0 4928 30
0 7397 25
0 5883 6
0 9808 4
0 3117 15
0 7528 3
1 2937 16
0 9123 5
0 3552 9
0 3327 1
0 807 1
1 3768 9
0 6568 6
0 7524 1
0 6447 2
1 2209 6
1 5359 30
0 2311 21
0 3911 11
1 6633 10
0 2876 7
0 4591 3
1 2803 30
1 5536 29
0 8725 28
1 1182 17
0 4401 2
0 3586 8
0 435 23
1 2107 24
0 5376 29
0 236 8
0 659 1
1 1054 8
0 9954 9
0 766 1
0 7298 1
1 6830 4
0 2400 3
0 2007 2
1 219 11
1 1666 27
1 7327 24
0 4893 20
0 7537 3
1 9202 6
0 6829 12
5264 3500 329
0 38 11
0 9914 27
0 8600 14
0 7681 19
0 6697 23
0 3888 6
0 6258 12
0 7747 27
0 1093 22
0 1851 9
1 7681 19
0 8646 8
0 2026 23
0 3943 9
0 9481 18
1 8600 14
0 7945 11
1 9914 27
0 1549 12
0 1913 5
0 1901 19
0 6496 14
0 9259 13
0 4355 15
0 5742 18
0 9627 6
0 8031 29
0 392 15
0 5292 6
0 2962 25
0 2151 18
0 8448 9
0 6024 7
0 3162 25
0 258 1
1 3162 25
0 2842 7
0 9715 28
0 9289 9
1 9627 6
0 1131 22
0 5436 11
0 5945 1
0 8396 26
0 3177 3
0 6917 20
0 5239 3
0 3933 9
0 5636 5
0 9665 1
0 3837 14
0 558 16
0 6405 26
0 1587 7
0 7306 20
0 339 25
0 7304 2
1 1901 19
0 4074 2
0 2187 10
0 5035 6
0 6694 4
0 7500 6
0 9671 14
0 8218 27
1 8218 27
0 6353 22
0 3487 1
1 392 15
1 9665 1
0 1279 7
0 7508 17
0 2951 7
0 5206 3
0 2503 9
0 3057 3
1 5239 3
1 7304 2
0 4623 6
1 6496 14
0 2559 10
0 9749 24
0 1848 14
1 5436 11
0 1974 22
0 3054 19
0 6736 2
0 8916 1
0 7604 1
0 5969 4
0 4380 22
0 670 5
0 4564 10
0 9614 5
0 2154 16
1 6694 4
0 9317 4
1 2559 10
0 167 4
1 3487 1
0 940 30
0 9616 22
1 5292 6
0 1898 13
0 829 26
0 90 2
0 5589 26
0 4786 7
1 9481 18
0 6961 15
0 2370 1
0 4528 5
0 5211 21
1 2151 18
0 8133 27
0 8469 1
0 6881 20
0 209 8
0 3807 9
0 3745 17
0 8633 4
0 1117 2
0 5964 28
0 5604 18
1 5604 18
0 7681 19
0 7057 10
0 5399 20
0 5127 1
0 850 22
0 326 24
0 6764 14
1 670 5
0 6615 30
0 297 7
0 9693 9
0 10 3
0 4194 13
0 8296 10
1 3933 9
0 2627 24
0 8684 1
1 90 2
0 906 14
0 3661 9
0 7146 16
0 367 29
0 1170 9
0 5692 30
0 3079 19
0 6614 19
0 9856 27
0 2199 25
0 7765 1
0 4131 17
0 9851 30
1 5211 21
1 2199 25
0 3853 8
1 326 24
0 7552 10
0 3628 29
0 7338 6
0 8872 11
0 304 3
0 6261 24
0 8166 8
0 4182 13
0 2077 1
0 624 9
0 7654 16
0 6590 3
0 8752 12
0 9062 17
0 5722 8
0 3988 12
0 5886 26
0 2363 9
0 1305 13
0 9997 23
0 4763 12
0 1485 14
0 9132 4
0 5899 16
0 8990 28
0 9756 11
1 367 29
0 869 1
0 7439 30
1 6258 12
0 9295 5
0 6258 4
0 3950 10
1 2026 23
0 7538 4
0 5643 16
0 6380 7
0 957 11
0 9276 27
0 9611 22
0 804 13
0 1040 10
0 1090 30
0 5950 17
1 9715 28
0 5040 22
0 9040 11
0 4802 15
1 624 9
0 3481 9
0 7853 3
1 1485 14
0 8052 22
1 7945 11
0 7586 14
0 7721 28
0 3318 17
1 2503 9
0 4663 26
0 2618 11
0 2092 6
0 653 22
1 804 13
1 5127 1
0 7864 22
1 2092 6
0 2209 6
0 2130 25
1 258 1
0 2802 23
0 7150 10
1 6917 20
0 808 5
0 8500 16
0 6459 24
1 7586 14
0 384 26
0 6490 8
0 3427 30
0 6814 4
0 566 1
1 9616 22
1 957 11
0 349 19
0 6610 30
1 8166 8
0 3029 21
1 906 14
1 7439 30
0 7891 13
0 2096 18
0 8341 14
0 1869 15
1 7150 10
1 8646 8
1 304 3
0 8463 8
0 7319 10
0 9360 13
0 9772 14
0 8238 22
0 6912 11
0 1857 3
1 3318 17
1 6024 7
0 6136 3
0 2184 15
0 5558 15
1 808 5
0 7230 29
1 4623 6
0 1517 22
0 2580 1
0 2017 6
0 9868 9
0 7739 25
0 7944 15
1 7230 29
0 5704 7
1 7604 1
0 1872 2
1 8916 1
0 1471 22
0 2372 26
0 1856 29
0 6008 24
0 834 15
0 6107 13
0 7340 17
0 1660 3
1 1974 22
0 4312 5
0 4418 28
0 647 3
0 3715 26
1 9289 9
0 7032 27
0 212 10
0 1251 3
0 7463 15
0 4231 24
0 576 8
0 5652 12
1 4564 10
0 6337 6
0 4073 28
0 2566 14
0 1341 12
0 2721 28
0 2875 28
0 2314 18
0 1721 17
0 1418 17
0 5391 18
0 9392 11
0 2426 15
1 3715 26
1 834 15
1 7538 4
0 8108 11
1 7721 28
0 1445 26
1 4528 5
0 330 26
0 5705 30
0 515 5
1 3079 19
0 2274 12
0 9784 3
2793 11000 570
0 3245 25
0 1229 24
0 6136 25
1 1229 24
0 6405 11
1 6405 11
0 1170 5
1 3245 25
0 49 11
0 7626 14
0 2713 3
0 2204 15
1 49 11
0 7212 2
1 2204 15
0 5688 12
0 3680 18
0 3944 30
0 160 17
0 1623 1
0 8794 17
0 6917 28
0 8406 6
0 7299 25
0 2641 4
0 6929 1
0 8574 16
0 4548 23
0 1133 14
0 3545 1
0 1459 24
0 8836 21
1 3680 18
1 8836 21
0 2035 30
0 3228 8
0 7858 17
0 6183 15
0 1981 8
0 4988 3
0 9013 22
1 1981 8
0 7839 11
1 1133 14
0 134 9
0 287 17
0 7129 10
0 2657 2
0 4231 4
0 1630 19
0 5666 20
0 4287 17
0 9653 1
0 9116 20
0 1096 7
0 3827 26
0 1713 15
1 1459 24
0 5119 26
0 7021 30
1 9013 22
0 6060 30
0 3059 2
0 666 27
0 5205 25
0 664 1
0 8005 17
1 7021 30
0 4169 14
0 8944 29
0 9350 27
0 6404 28
0 7230 29
0 5087 22
0 1743 27
0 1013 22
0 9978 16
0 1863 2
0 9767 5
0 8599 25
0 2155 1
0 259 5
0 9120 15
1 6183 15
0 2808 3
0 5619 12
0 8312 8
0 8582 14
0 6213 1
1 1623 1
0 5609 28
1 1170 5
1 5619 12
0 8530 30
0 2352 2
0 3851 29
0 9289 26
0 8166 2
0 7424 5
0 8197 4
0 815 25
0 9546 19
0 8429 19
0 3971 25
1 3971 25
0 638 5
0 3439 10
0 5330 11
1 9978 16
1 7212 2
0 9323 7
0 1549 26
1 7299 25
0 8459 21
0 1506 22
1 1713 15
0 3953 12
0 6993 2
0 4596 2
0 3835 13
0 3994 18
0 9228 2
0 114 11
0 1780 24
1 6213 1
0 294 25
0 314 14
0 8690 23
0 5826 23
1 8599 25
0 4224 25
0 4043 9
0 2814 14
0 260 28
0 6485 15
0 2541 25
1 4287 17
1 6136 25
0 7960 13
0 474 1
1 5087 22
0 3214 19
0 3441 11
0 5191 16
0 9466 27
0 1452 28
0 7288 29
0 1684 14
1 8794 17
0 7533 2
1 294 25
0 996 8
0 6904 11
0 2978 6
0 3547 24
0 273 18
0 7700 8
0 4550 14
1 3953 12
0 6684 15
0 6147 2
0 3200 22
1 4169 14
0 4958 11
0 2317 9
0 8791 9
0 1523 15
0 9187 11
0 2190 5
0 5359 30
0 860 11
0 1854 7
0 2107 13
0 7006 18
0 8001 3
0 3384 22
1 9653 1
0 2841 20
0 5872 12
1 4231 4
0 4610 4
0 1334 18
0 1590 27
1 9546 19
0 9802 14
0 1572 22
0 2698 9
1 5688 12
0 2894 29
0 9343 11
0 1509 13
1 3827 26
0 7240 26
0 7339 26
0 2944 10
0 4717 24
0 8439 9
0 4729 17
1 2317 9
0 3768 4
0 3938 17
0 272 20
0 1416 10
1 1509 13
0 808 8
0 1650 2
0 948 15
0 9234 29
0 2124 16
0 1063 20
0 4841 28
0 7205 2
0 8050 16
0 9395 21
0 5444 4
0 8685 2
1 2155 1
0 7719 21
0 8834 23
0 9407 5
1 6060 30
0 9565 4
0 1441 3
0 9834 11
1 1506 22
0 1768 25
0 9583 5
1 3059 2
0 6851 21
0 888 20
0 4898 26
0 1246 17
0 3158 4
0 4173 21
0 6795 29
0 6661 29
1 134 9
1 5826 23
0 5058 1
0 4107 14
0 4837 5
0 8259 10
0 8455 12
0 1652 2
0 3824 14
0 6017 8
0 8772 9
0 6954 21
0 1583 27
0 8332 20
0 8359 18
0 2081 7
1 1590 27
0 166 15
0 7873 11
0 1305 8
0 6410 30
0 8434 15
0 1661 11
0 3350 27
0 9496 24
0 9349 4
0 6102 10
0 9286 3
0 6680 10
0 2376 3
0 9885 18
0 3409 15
0 2971 30
1 314 14
1 1743 27
0 8974 14
0 5127 24
0 7124 5
1 3851 29
0 834 9
1 2190 5
0 1557 29
0 3057 10
0 9492 2
0 7350 10
1 3409 15
0 3068 4
1 273 18
1 3824 14
1 260 28
0 6297 1
0 2798 5
1 1523 15
1 8166 2
0 4042 10
1 1650 2
0 959 5
1 6410 30
0 6302 24
0 6170 8
0 6792 14
0 1667 15
0 8856 2
0 4438 7
0 2310 20
1 1780 24
0 4600 7
0 8202 25
0 2217 16
0 7281 6
0 954 29
0 6443 26
0 2009 21
1 6147 2
0 6071 1
0 1070 3
1 2009 21
0 2490 6
0 2173 10
0 3322 2
0 6577 3
1 9234 29
0 9676 25
0 8614 4
1 7960 13
0 841 9
0 1509 2
1 7719 21
0 3756 17
0 1808 3
0 955 1
0 6994 2
1 8582 14
0 6685 1
0 4762 11
0 9736 2
1 2490 6
0 262 2
0 5331 3
0 5203 1
1 9116 20
0 9117 7
1 2376 3
0 5388 15
0 4480 1
1 7129 10
1 1684 14
0 9951 6
1 3835 13
0 6522 30
0 502 1
1 9834 11
0 212 7
0 7044 1
0 236 1
0 7659 1
0 5558 1
1 1013 22
1 7350 10
1 1096 7
1 954 29
0 1857 3
0 1054 21
1 5444 4
0 5543 3
0 2773 12
0 2281 15
0 5139 12
0 1796 3
0 7013 3
1 6485 15
0 6022 3
0 5991 10
1 7044 1
1 7288 29
0 2697 8
0 9590 1
0 7602 22
1 1854 7
0 9933 1
0 973 4
0 4927 1
0 4340 2
1 4729 17
0 3759 17
1 3068 4
1 5058 1
1 7602 22
0 2843 5
1 114 11
0 7227 12
0 5048 20
0 6665 1
1 8332 20
1 4340 2
0 9774 4
0 8119 13
0 9184 3
0 5952 1
0 2825 1
1 9736 2
0 9723 1
0 2400 1
1 1796 3
0 4693 1
0 3540 2
1 4224 25
0 9359 18
0 3867 3
1 8050 16
0 7442 5
0 3694 15
1 2978 6
0 5637 4
0 6306 2
1 6522 30
0 2196 9
0 7506 17
0 9417 1
0 1481 2
0 1453 1
1 3944 30
0 4443 4
0 2398 5
1 2894 29
0 2861 30
0 6187 2
0 3417 3
0 4843 4
0 1276 11
1 3938 17
1 2697 8
0 394 12
0 7772 6
1 502 1
0 3378 1
0 4695 7
1 4550 14
0 8374 7
0 5143 3
0 7790 4
1 8690 23
0 7612 18
0 8162 5
1 236 1
0 1074 1
1 9184 3
0 3904 3
1 3350 27
0 5009 5
0 7662 17
0 7570 3
0 569 1
0 7584 1
1 8406 6
1 166 15
1 6665 1
1 8429 19
0 758 9
0 42 5
0 6997 4
0 401 7
0 4716 10
0 3739 5
0 1389 1
1 2861 30
0 8322 30
1 5139 12
0 4530 4
0 1678 4
1 2825 1
0 9545 5
1 160 17
0 9072 10
0 6852 5
0 616 2
1 1857 3
0 4923 1
1 6302 24
0 6662 5
0 7558 16
0 1506 1
0 1270 1
0 4631 1
0 7380 2
1 212 7
0 1777 5
0 5242 1
0 6016 1
1 6904 11
0 6975 7
0 9376 4
1 9951 6
1 9676 25
0 6621 1
1 2196 9
0 2238 24
0 9091 2
0 1340 8
0 3027 5
1 8202 25
0 4510 19
1 2971 30
0 608 13
0 527 19
0 1660 2
1 3057 10
0 3661 7
0 6338 2
0 2742 3
1 1768 25
0 3424 10
0 3786 3
0 5911 1
1 6017 8
0 3309 4
1 9072 10
0 7837 9
0 8711 11
0 6844 4
0 437 1
1 9767 5
0 1032 5
1 7533 2
0 4435 1
0 1048 1
1 5242 1
0 6866 1
1 2310 20
0 943 19
0 3601 1
1 1270 1
0 6958 1
1 7424 5
0 7523 2
0 905 3
1 4042 10
0 5998 7
0 5437 1
0 9721 1
0 7593 1
1 3867 3
0 1331 1
0 9226 2
1 1572 22
0 3222 21
0 4370 1
1 4762 11
0 2717 1
1 6680 10
1 6866 1
0 9383 20
0 5550 1
1 6852 5
0 9172 4
0 4377 1
1 6685 1
0 6660 1
1 9565 4
0 2601 1
0 7933 1
0 8543 1
0 2752 1
1 3439 10
0 1451 8
0 3928 2
1 2398 5
1 1506 1
0 2830 2
0 6542 2
1 841 9
0 276 2
0 5194 8
0 9326 1
6386 31000 962
0 3095 14
0 1866 24
0 882 4
0 2936 29
1 882 4
0 6767 10
0 9401 27
1 9401 27
1 2936 29
0 1078 19
0 0 30
0 2925 6
0 2420 24
1 1078 19
0 7092 13
0 2145 28
1 7092 13
0 464 17
1 1866 24
0 6635 10
0 1365 18
0 7777 22
0 1030 5
0 1994 16
0 1470 21
0 6638 26
0 6211 30
1 2145 28
0 5229 19
0 917 12
0 6365 20
0 9199 22
0 8760 3
0 4857 16
1 1470 21
0 9113 28
0 8827 14
0 6970 27
0 4732 29
0 1890 15
0 7090 15
0 5008 26
0 4209 8
0 8019 24
0 2644 11
0 1601 6
1 5008 26
0 7205 2
0 9444 16
0 8765 6
0 3742 7
0 849 10
1 849 10
0 711 3
0 3053 7
0 76 6
0 1809 18
1 7205 2
0 3643 29
1 6767 10
0 4182 14
0 4572 25
0 1339 14
0 9018 25
0 8779 15
0 2390 18
1 1339 14
0 8423 17
0 837 22
1 8779 15
1 1890 15
0 3226 25
0 3344 9
0 5490 16
1 6211 30
1 5490 16
0 4731 13
0 5731 2
0 8939 24
0 7342 9
0 1512 9
0 2269 12
0 7980 30
0 9832 9
1 8827 14
0 4154 27
0 4939 24
0 5903 23
0 3539 17
1 9199 22
0 1706 5
0 2949 17
1 1706 5
1 5731 2
1 4731 13
0 1566 18
1 76 6
0 6651 20
0 7614 9
1 3742 7
0 1539 19
0 6298 26
0 5027 3
1 5229 19
0 8792 2
0 9854 29
1 6638 26
0 945 19
0 1465 7
0 8012 2
1 9113 28
0 6855 22
0 1557 26
0 6109 9
0 5636 10
0 6473 24
0 1982 3
0 9986 30
1 6298 26
0 1373 12
0 4361 14
0 2346 22
0 7319 29
0 1960 3
1 8019 24
0 6837 27
0 3164 21
0 2408 29
1 2346 22
0 562 22
0 205 28
0 7801 25
0 9683 8
0 2394 23
0 5698 5
0 6979 17
0 3889 28
0 9242 21
0 1866 15
0 420 1
0 2258 20
1 8423 17
0 8528 3
1 7801 25
0 5476 8
0 5761 20
0 5660 25
0 3194 18
0 1613 26
1 2258 20
0 2287 15
0 2418 29
0 2054 30
0 6045 14
0 3640 19
0 814 22
0 4655 29
0 4513 4
0 5043 23
1 4182 14
0 8198 5
0 6897 3
0 2227 23
0 1372 2
0 7963 26
0 5877 30
0 2618 3
0 6085 16
0 2934 8
0 7256 13
1 4209 8
0 9841 1
0 3040 4
1 814 22
0 9107 13
0 3556 23
1 6085 16
0 9676 13
0 3171 5
1 9832 9
0 1634 17
0 897 23
0 4995 12
0 689 28
0 6743 5
0 3411 15
0 2012 5
0 1259 18
0 5273 7
0 4542 9
0 617 6
0 267 1
0 2217 5
0 3489 10
0 941 19
0 5496 25
1 1539 19
1 5043 23
0 2825 12
0 3537 11
0 8393 24
0 8890 8
0 1682 25
0 8478 3
1 1557 26
0 3947 13
0 3840 13
0 9285 30
0 2026 23
1 5903 23
0 3308 16
1 5027 3
0 65 6
0 6717 17
0 916 27
0 644 2
0 3235 5
0 1551 8
0 8090 14
0 5189 2
0 521 4
0 7359 4
0 4246 4
0 3782 1
0 8884 16
1 6717 17
0 6180 3
1 5189 2
0 373 30
0 4191 6
0 9390 7
0 5331 1
0 4175 20
0 9485 1
1 3411 15
0 3725 7
0 5426 25
0 289 23
1 9444 16
0 1791 6
0 8233 9
1 2054 30
0 3677 16
0 751 5
0 3271 25
0 2166 25
0 8875 23
0 395 30
0 278 28
0 6820 29
0 7140 26
0 1586 21
1 1372 2
0 9262 12
0 9426 25
0 4843 20
0 4082 5
0 7940 17
0 6829 29
0 2441 6
1 6180 3
0 497 3
0 6811 18
1 4655 29
1 3164 21
1 8012 2
1 4361 14
0 5086 20
0 6557 19
0 1134 18
0 8867 23
0 379 30
1 7963 26
0 2378 21
0 7190 23
0 9756 16
1 9485 1
0 1952 2
0 3763 20
1 9676 13
0 9094 7
1 4082 5
0 6894 26
0 4276 10
0 8830 10
1 4995 12
0 6063 25
1 5426 25
0 4395 15
0 4708 26
0 7532 18
0 4211 1
0 4160 5
0 1406 12
0 2283 29
0 6905 28
0 6776 26
0 2439 1
0 8228 14
0 2360 1
0 7656 30
0 9126 24
0 3479 2
0 9960 23
0 5757 25
0 103 25
0 6207 1
0 9545 26
1 9960 23
0 2524 23
0 1354 5
0 5133 25
0 8351 30
0 5630 4
0 1765 26
0 5478 9
0 5022 8
1 3947 13
0 9612 21
0 1577 24
0 982 22
0 5519 3
0 855 17
0 1019 12
0 3573 27
0 685 21
0 6397 29
1 4276 10
1 6776 26
0 5922 17
0 2072 8
0 9674 20
0 5423 19
0 532 4
1 8228 14
0 9377 4
1 6837 27
0 5341 29
0 4214 29
0 2645 15
0 5633 30
0 157 3
0 8688 28
0 2132 4
0 9116 9
1 2026 23
0 4715 23
0 1770 5
0 7817 15
0 2492 5
1 9854 29
0 5992 2
0 5176 6
0 843 24
1 103 25
1 7614 9
0 1428 20
1 5992 2
1 4191 6
0 1851 17
0 5056 28
0 4055 28
0 5293 1
0 7750 11
0 8771 14
0 1514 14
1 3640 19
0 8222 2
0 6568 11
0 9538 16
1 5496 25
0 726 17
0 4578 20
0 6582 26
0 340 4
1 3840 13
0 4811 14
0 5352 11
0 614 20
0 1462 17
0 1816 30
0 2513 18
0 986 25
0 7791 15
0 8107 16
0 4824 16
0 5983 16
0 7581 26
0 1976 25
1 5293 1
0 4351 7
0 7718 26
0 1590 7
1 5133 25
0 147 10
0 3403 19
0 5989 1
0 484 10
0 820 6
0 3855 20
0 9404 11
0 2745 19
1 278 28
0 7153 24
0 7867 19
0 334 21
0 881 2
1 1512 9
0 480 15
0 5725 25
0 6075 2
0 1919 4
0 9980 9
0 107 16
0 5990 14
0 8777 30
0 3073 20
0 9266 20
0 5305 1
0 3304 29
0 6603 8
1 9980 9
1 464 17
1 5056 28
1 6897 3
0 6755 5
0 8465 26
1 289 23
0 2377 29
0 9380 4
0 4299 19
0 236 19
0 8353 18
1 986 25
0 8949 17
0 8207 18
0 892 28
0 7922 29
0 8612 12
0 3579 12
0 8426 18
1 1590 7
1 9986 30
0 9503 7
0 2630 30
0 5270 8
0 985 20
0 2661 28
0 6588 17
0 2615 10
0 3599 11
0 9796 13
0 7040 4
0 2495 29
0 8188 2
1 3537 11
0 6643 18
0 1178 5
1 617 6
1 7791 15
0 671 14
0 2481 19
0 8650 28
0 7628 16
1 1634 17
0 2762 12
0 2843 5
0 7886 3
0 5505 2
0 1675 9
0 7300 2
0 9499 7
0 4666 23
0 9383 28
0 9391 7
0 7374 11
1 2377 29
0 8982 1
0 6496 10
0 5316 19
0 2743 9
0 6329 24
0 9629 25
1 5877 30
0 4396 18
1 3271 25
0 6664 22
0 7022 20
0 7569 4
1 6755 5
1 6557 19
1 8188 2
0 1359 21
0 1410 29
0 7544 18
0 1623 6
1 8478 3
0 4341 14
1 340 4
0 7353 4
0 5774 7
0 461 13
1 3889 28
0 2946 10
0 7491 29
0 4756 3
1 6109 9
0 1391 7
1 9094 7
0 9884 25
0 1356 24
0 936 28
0 9438 27
0 3818 11
0 43 13
1 2743 9
0 2833 1
1 8090 14
0 4574 14
0 8273 9
1 2418 29
0 9429 11
0 7605 19
0 1464 28
0 2847 18
0 5858 13
0 9605 9
1 8351 30
0 3781 29
0 8312 21
0 9002 24
0 8020 29
0 8006 10
0 2079 10
0 2518 14
0 33 2
0 1285 16
0 9676 21
0 3245 28
0 6179 8
0 3926 11
0 1231 24
0 5004 14
0 1738 24
0 3553 8
0 3612 28
0 8164 7
0 3512 5
0 5854 7
0 3828 3
0 6129 17
1 8650 28
0 590 19
0 7184 11
0 2367 17
0 8718 2
0 4712 4
0 1805 29
0 1810 3
0 5967 1
0 4024 25
1 4857 16
0 5483 20
0 216 5
1 881 2
0 3919 28
1 5922 17
0 1588 2
0 1421 10
0 6016 8
0 1869 28
0 8041 24
0 7791 17
0 1247 17
0 3439 1
1 4572 25
0 1785 21
1 1869 28
0 2683 23
0 9881 28
0 7556 21
1 2946 10
0 5333 17
0 9598 28
0 1262 30
0 7805 6
0 5464 5
0 5189 6
1 2934 8
0 5672 20
0 1806 27
0 197 30
0 9235 5
0 4505 20
0 9232 18
0 3480 17
1 5176 6
0 1782 6
0 2996 24
1 1465 7
1 4666 23
0 6079 7
0 3324 2
0 4392 9
0 5405 23
0 4004 2
0 8803 30
0 8086 9
1 1675 9
0 3101 10
0 9153 16
1 1682 25
1 5189 6
1 3919 28
0 7391 6
0 2871 4
0 7942 28
0 9059 25
1 6207 1
0 8928 14
0 7797 4
0 999 1
0 7123 2
0 3642 9
1 711 3
0 1998 16
0 7402 17
0 7242 1
0 4771 14
0 201 13
0 7835 26
0 5351 8
0 7786 27
0 7392 23
0 4730 14
0 2428 19
0 3568 6
0 6107 26
0 6999 7
0 6656 15
1 3539 17
0 2342 17
0 628 18
0 7390 21
0 625 11
0 2400 27
0 9481 6
0 3132 28
0 509 12
0 1485 21
0 9447 3
1 5086 20
0 6480 7
0 1640 2
0 6948 8
1 5341 29
1 4756 3
0 6525 26
0 8142 29
0 3965 16
0 218 22
0 2440 13
0 8756 10
1 7342 9
1 6496 10
0 7003 11
0 84 19
1 5672 20
1 3612 28
0 3360 1
0 4308 24
0 70 30
0 440 29
0 8309 29
0 170 24
0 7101 4
1 5423 19
0 6954 4
0 8709 13
0 6665 5
1 9116 9
0 3450 9
1 6582 26
0 7053 2
0 2066 23
0 9623 1
1 8890 8
0 7480 1
0 2154 3
0 4205 4
1 3725 7
1 3226 25
0 9231 13
0 1718 17
0 6650 1
0 3102 1
1 1566 18
0 6647 18
1 5483 20
1 3489 10
1 8107 16
0 3323 17
0 7679 8
1 7374 11
0 3407 20
0 9600 2
1 1816 30
0 2662 3
0 5921 7
0 4856 20
1 3132 28
0 1515 2
1 6651 20
1 1806 27
0 6192 29
0 7025 14
0 1811 17
0 5115 16
1 7940 17
0 6980 13
0 6795 5
0 3330 1
0 2960 2
0 6183 3
1 3599 11
0 7642 8
0 3552 3
1 4175 20
0 5433 16
0 1631 1
0 4245 2
1 590 19
0 8780 6
0 3071 5
0 9247 3
0 7770 1
0 8155 4
0 2506 1
1 218 22
0 4816 18
0 9596 2
0 2752 1
0 5771 1
1 2394 23
0 3800 7
0 873 14
1 8020 29
0 551 2
0 8335 14
1 521 4
0 8307 3
0 8515 4
1 9391 7
0 4295 14
0 738 4
0 6787 1
1 3450 9
0 6475 3
0 2725 4
0 6161 1
1 1765 26
0 9359 11
0 4121 14
0 6385 2
1 726 17
0 3501 8
0 2384 3
0 1072 2
0 2084 2
0 6128 1
0 6036 1
1 9756 16
0 4049 2
1 8222 2
0 4272 9
0 3557 3
0 8647 2
0 9230 1
0 3756 1
1 6192 29
1 440 29
0 4894 10
0 1539 1
0 7041 12
0 5321 26
0 2604 3
0 3702 4
0 9208 1
0 833 1
1 107 16
0 8501 9
0 7061 5
1 6811 18
0 7876 11
0 3984 7
0 8074 1
0 1491 1
1 9676 21
0 2652 9
0 8563 9
1 3308 16
0 8537 16
1 3557 3
1 6183 3
1 7101 4
0 3853 5
1 4732 29
0 5878 3
0 1183 8
0 9901 15
0 1692 8
0 8049 2
0 3316 1
1 9232 18
1 8688 28
0 300 25
0 3021 4
0 5532 5
0 6159 8
1 7090 15
1 6079 7
1 8465 26
0 4716 24
0 5779 19
0 5786 1
0 9652 8
1 9262 12
0 5640 3
0 468 7
0 2286 2
1 1960 3
0 655 3
1 3095 14
0 6478 13
1 2752 1
0 9260 1
0 9330 1
1 3677 16
0 3127 11
0 8258 5
1 625 11
1 4351 7
0 1528 15
0 5768 3
1 3556 23
1 2441 6
0 4606 23
0 4740 2
0 417 4
1 4939 24
0 7938 19
0 1795 1
0 9179 2
0 4075 2
1 5630 4
0 4940 4
1 4075 2
1 685 21
0 2809 14
0 752 6
0 709 3
1 8765 6
0 9921 3
0 4502 1
1 3926 11
0 548 10
0 7102 3
1 820 6
0 7919 5
0 8450 1
1 1640 2
1 3984 7
0 8126 9
1 8142 29
0 540 29
1 3403 19
0 4342 12
0 5387 6
0 1508 1
1 1866 15
0 4010 7
0 7357 2
0 6020 1
0 7885 2
0 1648 1
0 1796 2
1 7569 4
0 815 2
0 3438 2
1 9612 21
0 8869 20
0 4955 1
1 7532 18
0 7591 16
0 3276 1
1 2518 14
1 3828 3
1 461 13
1 2644 11
0 3771 9
1 9383 28
0 9925 4
0 3275 10
0 2062 15
0 4128 18
0 1328 13
1 1515 2
0 6379 2
0 156 1
1 6107 26
0 637 10
0 9372 8
0 7612 3
0 4220 3
1 2400 27
0 2212 2
0 6094 17
0 2385 4
0 6828 6
1 1373 12
1 2287 15
1 1809 18
0 544 14
0 2740 18
1 9600 2
0 271 6
0 6651 3
0 6235 4
0 9876 2
1 7581 26
0 3714 16
0 2614 9
0 257 1
1 941 19
0 6169 14
0 9072 4
0 9998 1
1 3071 5
0 3459 3
0 7816 1
0 9256 1
1 3304 29
1 5476 8
0 9942 18
0 696 15
0 1943 4
1 9107 13
0 8960 9
1 8086 9
0 874 9
0 3575 3
0 5217 1
1 1982 3
0 4806 3
1 2495 29
0 5473 18
0 3175 7
0 5883 1
0 9322 2
0 5363 1
1 655 3
1 9481 6