50
1449466924 12 20 2

 167 167   0   0   0
 167 167   0   0   0
 154 154 154 113   0
  36 181  36  36  36
  36 181  36  36  36

 137 137 137   0 127
 137  56  56  56  51
 137  56  56  56 167
   0  56  56  56   0
   0   0  29   0   0

 222   0   0   0 192
 222   0   0   0 192
 222   0   0   0 192
 222 137 137 137  28
 222 137 137 137  82

  56  56 167 167 167
  56  56   0 154 154
  29   0   0  36 181
  29   0   0  36 181
 161   0   0 113 181

   0   0 192 192 192
 137 137  28  28  28
 137 137  82  28  28
 137 137   0 127 167
  56  56  56  51 167

 192 192 207   0   0
 192 192   0   0   0
  28  28   0   0   0
  28  28  22  22   0
 127 167 167   0   0

  82  28  28  22  22
   0 127 167 167   0
  56  51 167 167   0
  56 167 167 167   0
  56   0 154 154 154

   0 222 137 137 137
   0 222 137 137 137
   0   0 137 137 137
 219 219 137  56  56
 219 219 137  56  56

 167 167   0   0   0
 167 167   0   0   0
 154 154 154 113   0
  95  95  36  36  36
  36 181  36  36  36

 137 137 137   0 127
 137  56  56  56  51
 137  56  56  56 167
   0  56  56  56   0
   0   0  29   0  95

 222   0   0   0 192
 222   0   0   0 192
 222   0   0   0 192
 222 137 137 137  28
 222 137 137 137  82

  56  56 167 167 167
  56  56   0 154 154
  29   0  95  95  95
  29   0   0  36 181
 161   0   0 113 181

   0   0 192 192 192
 137 137  28  28  28
 137 137  82  28  28
 137 137   0 127 167
  56  56  56  51 167

 192 192 207   0   0
 192 192   0   0   0
  28  28   0   0   0
  28  28  22  22   0
 127 167 167   0   0

  82  28  28  22  22
   0 127 167 167   0
  56  51 167 167   0
  56 167 167 167   0
  56   0 154 154 154

   0 222 137 137 137
   0 222 137 137 137
   0   0 137 137 137
 219 219 137  56  56
 219 219 137  56  56

 167 167   0   0   0
 167 167   0   0   0
 154 154 154 113   0
  95  95  36  36  36
  36 181  36  36  36

 137 137 137   0 127
 137  56  56  56  51
 137  56  56  56 167
   0  56  56  56   0
   0   0  29   0  95

 222   0   0   0 192
 222   0   0   0 192
 222   0   0   0 192
 222 137 137 137  28
 222 137 137 137  82

  56  56 167 167 167
  56  56   0 154 154
  29   0  95  95  95
  29   0   0  36 181
 161   0   0 113 181
9870
119074891 23 84 3

 179 250 250 250 250
 179 250 250 250 250
 179 250 250 250 250
  61 250 250 250 250
  61 138 138 138 138

  99  99  99  99  81
  99  99  99  99  81
  99  99  99  99  99
  99  99  99  99  99
  64  64  64 184 184

 215 241  64  99  99
 215 241  64  99  99
 179 179  64  64  64
 179 179  64  64  62
 179 179  64  64  62

  62  62  62  62  62
 250 250 250 250  62
 250 250 250 250  62
 250 250 250 250 175
 250 250 250 250 175

 217 217 217 217 217
 217 217 217 217 217
 217 217 217 217 217
 217 217 217 217 217
 101  99  99  99  99

  99  99  99  99 253
  99  99  99  99 253
  64 184 184 184 253
  62  62  62  62  62
  62  62  62  62  62

 189 189 189 189  57
 189 189 189 189   6
 189 189 189 189   6
 189 189 189 189   6
 189 189 189 189   6
27066
1009738238 36 148 5
8619 19097 20695 14678 30321
443368807 63 434 42
2525 13882 577 10291 31229 24041 21035 3950 13571 12324 17877 32483 9824 18517 15199 8590 23189 29243 31955 26763 1702 21087
1557281300 97 687 74
8324 23322 31268 19738 25312 12618 28503 11383 14648 26052 3886 22876 1659 22145 19994 32174 16032 29985 2932 15459 15755 28682 19582 5020 12180 5011 9884 31102 24816 26771 2171 4064 30427 20844 5159 10773 21066 3725 22750
2109610686 107 693 176
10179 31058 20761 17888 11384 26292 17140 12624 21539 6755 25004 3964 21712 29354 5288 929 24662 4944 32020 22810 21020 7090 15026 21458 1301 22632 5963 948 21032 27236 26427 17331 27110 7176 1759 22879 19992 7382 28618 8174 6906 88 21783 1772 8654 770 11371 5757 2042 2113 21966 19992 14878 9476 32030 1359 21666 7706 451 16732 25316 22842 23359 26600 4548 3682 17602 7394 2800 19242 1970 3570 15200 6450 24681 3664 28366 1504 7030 32061 17438 27694 28428 4404 7321 648 11706 11784 25778 32271
1937477494 135 733 310
7221 13080 18454 19315 17792 7467 20591 17155 3532 5509 32751 12074 20856 6634 527 4430 29702 23522 14921 3203 8065 27063 14353 19985 2895 31016 11017 28117 2141 31279 15761 31570 32225 14283 11636 18816 30048 30157 3395 4350 1149 14611 16081 25858 24002 17811 31610 18149 31266 1221 28316 29820 10716 13246 28242 15856 17120 1495 20376 19546 2541 25710 14555 29677 16272 12947 6662 1650 23230 6730 29821 13378 24280 20772 22060 25348 29016 10298 13189 16650 25725 10502 2459 13024 2708 22046 1084 26438 3514 14328 490 8498 7612 31455 29932 13394 32590 9190 21722 2206 17972 3432 8876 30330 19876 17546 15738 4756 22767 7522 14736 20500 5508 19654 10582 16954 30426 24706 25300 18442 2230 1386 862 15433 3420 12896 17628 11920 28848 2559 25596 2525 30805 13446 7743 8548 16033 30156 14528 6752 12610 21664 430 13320 29764 29354 10114 21028 6052 22088 9594 13106 21462 13220 21088 16184 11709 8458
115164886 174 932 516
1823 8066 11803 23273 4712 24266 11845 11672 32499 14105 26606 6754 31854 18416 21699 6055 26944 11284 16230 11848 24585 25793 30476 21418 22832 15930 82 8576 20473 30280 29850 20736 20938 1839 26707 22115 10906 9216 19240 32755 1127 7895 31006 25532 10370 31790 10567 23060 28354 1461 17286 10627 1162 12661 25691 25961 4068 11345 29628 30771 4609 24571 32178 3062 26690 4731 31846 10917 3826 29464 32572 15962 23622 9716 11996 24490 13568 18283 8676 11846 16420 29652 30160 25616 32214 13704 10451 18950 7811 29433 4217 1372 6122 6890 5704 29791 6640 22832 26734 30149 16928 16654 29775 18300 15665 9966 9292 23014 10927 21782 9958 22844 20420 32704 19214 1725 10700 27462 12784 25675 32114 32188 21113 17864 26538 637 32276 4210 20385 31288 1271 23131 23615 19984 696 13534 31152 7388 6955 5565 28397 31432 21194 7458 1009 3624 21197 14507 30316 21473 26918 18283 10514 20549 15122 21609 18691 17929 10086 22840 10221 7346 6252 25210 10708 26444 15184 6518 32710 5495 17910 10598 20822 15148 29711 19290 28303 14809 29341 15729 14663 9852 7380 30373 18428 4134 4473 16345 28774 30569 31942 25758 30186 32005 16376 30362 1292 14504 13978 29094 1743 6376 29220 29674 4853 9478 15500 19969 1272 26164 11176 18431 29694 31598 29236 2388 11298 29716 10638 27320 142 11499 28708 25210 11704 24358 15894 4995 6264 11126 10886 21126 4146 30112 7824 24060 30636 8358 28654 7516 16147 1655 23236 28031 10000 22885 2476 32454 22819 2115 2606 11712 25142 15514 8883 12428 19690 30746 26518 17748 17496 27344 12644 16240 8631
1978117469 245 1492 785
1693 1934 8615 17934 16033 1980 1048 25080 11873 7222 28697 5948 15210 6586 4666 29742 13015 11255 7679 20179 24928 29591 17962 518 28946 4444 19199 30674 3232 12234 5938 5426 5918 22501 7083 5344 22052 22338 12812 32382 8484 20072 22580 17001 10538 17749 20078 30118 2574 24168 897 14188 15484 13162 22830 3819 8124 24956 7810 29445 30104 25388 16761 4156 31582 22042 8010 32678 18355 832 3189 24064 21756 6058 32428 24573 18402 26363 14939 11380 25688 28638 31778 32599 2190 13645 6020 7998 7075 2468 17912 3201 31546 6212 21436 3525 22226 27776 13922 5059 25843 27676 16233 27408 11170 31476 30434 31918 2102 19394 18724 29880 31053 23948 9472 19992 9764 22005 16141 6554 12543 6252 20222 8172 23959 31632 10118 10146 27918 29480 3201 21478 10199 6540 2980 1852 5814 8278 16455 23392 12066 18806 25040 26808 26750 23386 25494 3253 8064 13625 12562 28 3629 32650 302 13005 21028 20164 14125 7226 9025 13957 360 16260 12287 18996 28710 936 14743 10632 20570 574 2172 21662 22500 10908 14901 3208 32476 29286 4018 11654 6954 6904 11778 5341 6444 17681 30338 31429 11356 24571 28766 14920 22270 1765 14488 8688 13932 26434 5840 10208 27284 7866 28578 9521 24097 8484 30863 31280 18183 27280 9946 20591 29040 6208 5567 12642 11589 10206 21411 31433 17122 1810 28384 30457 7016 18464 20259 17284 8361 29934 20862 9460 4186 9492 18212 27772 14556 4360 8192 12666 5184 25720 6796 3525 7874 4356 16730 23028 21530 2311 10585 9734 26991 4496 26420 20912 11577 17037 30377 25435 9198 26278 25319 2634 24401 23678 14846 4588 24830 22971 4175 26030 27344 22810 22472 28698 32270 22184 2929 18291 148 30210 23958 2307 7999 8084 19185 29406 11250 15778 3739 32248 22636 508 2732 17561 21983 10689 27528 26030 4488 24746 18336 22674 13059 3938 31022 25862 20853 3884 27844 22192 9273 26259 20600 908 13406 7644 8035 32197 23542 9604 17316 16 23049 18048 29074 1278 3982 9430 25900 2222 15754 20825 18132 22314 18994 11404 28754 24566 21824 7362 5992 1222 9852 11276 13153 32095 11801 618 27656 10942 24549 7898 5616 30470 22310 18363 13537 23190 14762 9326 9387 32492 4467 24618 561 18588 26376 23080 30896 8713 5450 21848 3560 11834 7614 18404 18389 12064 23523 17254 16142 21444 2712 29782 9824 24248 18302 21468 22445 10846 19416 26360 10693 3790 19622 884
1772462242 285 1625 1007
2298 12850 28434 10618 25989 21570 3075 14945 32294 27788 11527 6658 15683 210 29445 18584 29325 28737 6777 16195 19302 31567 22693 26773 22663 4189 11629 24786 5764 28123 24410 10852 26320 25510 19322 19723 3272 11149 26811 3746 22708 21440 17933 6350 6236 13894 28617 7630 10031 19128 4763 13756 28690 16439 25285 20651 12497 20698 21491 20913 14643 30798 16302 7200 18342 21478 7266 3004 2543 20115 578 15466 6997 28079 12590 19140 26444 28934 11070 31562 13932 23976 30309 1675 31436 17345 11028 24623 26918 28290 29375 13762 23209 7427 276 31060 16965 15876 26672 30482 25571 27329 17658 18475 5895 19606 18243 11018 4101 17352 19094 9356 4264 24766 824 3971 17807 18035 10858 2552 12592 811 27639 9530 24924 3365 8666 11705 16687 10786 5202 31360 7812 16418 10258 29550 18803 19291 850 29483 24154 30758 4123 26962 11356 16201 5085 25709 2348 22441 14705 17926 13114 32578 23990 14475 17792 17139 9869 19615 15694 8958 14016 21846 4159 11034 19933 20466 7055 32384 13896 4284 27006 23348 12729 29693 5845 20450 25465 24388 12968 12322 19269 25164 28806 24884 15796 10700 30882 9576 12291 19902 28331 30711 15632 23199 4840 24820 10038 27356 23859 30343 16403 18559 7592 15390 22781 16421 3256 10470 22960 26724 27136 23285 29910 10592 26966 13304 17281 26888 13570 29256 28554 5580 25988 23980 10047 23494 21632 13793 14801 6356 15498 8240 26020 927 22508 18734 30489 29035 23362 17252 1582 25410 22099 18584 1289 16078 27450 28062 13589 5446 18617 8893 2486 29264 29086 21580 30222 10707 22602 20359 23603 12568 14344 27052 24506 21200 29672 25134 4061 12430 584 28528 14978 26854 8704 7093 4428 16900 25867 13830 7146 7271 2528 9890 2926 21548 29832 3018 5378 15256 14516 28094 12640 4246 21728 16032 19981 27922 24676 12044 29562 20738 5437 31588 8675 16859 30710 7732 8811 21620 20790 3746 15492 18108 29944 1908 2770 8087 27452 30647 16888 21607 13853 24482 7090 22509 26239 21786 12882 20274 21812 31868 7336 120 19000 27629 10270 21302 700 4746 30245 23664 13078 15696 25250 2352 16832 21338 29058 1123 20204 18494 2186 7176 25040 13512 25962 25164 5841 1132 7956 14990 7158 14497 20918 32064 16320 106 20516 29030 17061 16990 2772 20047 29150 2037 15035 2557 5458 21758 30192 25914 24080 7228 15098 3829 6266 8102 16563 8795 24403 700 14484 29003 9304 5706 16889 23404 22429 22819 19448 21823 31391 10312 22562 25386 9322 22802 16104 31573 27626 7437 11858 24381 32579 23285 24167 25500 21027 10582 12479 27008 25222 15896 11367 12170 22220 24138 7364 12754 30978 449 29436 4824 11898 1690 14479 7096 18332 9894 6609 12990 11374 4746 2430 16813 32422 9881 10616 23241 3144 7237 15941 23502 17998 20194 32398 23861 24366 20679 15279 21823 25334 23449 12237 27536 29214 18006 26864 15361 13906 13027 21443 16139 1987 20046 3725 17179 28066 29512 27196 1822 6189 25456 15365 7144 30521 11346 16192 7615 15392 17835 7253 15656 26713 776 25800 25616 29236 21302 12399 22430 16636 17494 19848 9306 16609 5680
1408742986 333 2989 1769
10985
591816246 445 2505 1955
22832
970837154 503 2725 2209
27425
123079722 582 3103 5125
7727
2066115532 624 3140 8232
26062
2088110803 783 6682 14225
18759
1289805301 956 9000 20000
29351
1492183721 979 5360 20000
32162
1023993742 1000 9000 20000
32560
2049252118 1000 8239 20000
3389
1235249030 1000 8846 20000
17913
1804413999 1000 9000 20000
16114
718538723 1000 8183 20000
18374
2097626751 1000 8575 20000
5051
1178669388 1000 8105 20000
12661
129163891 1000 6178 20000
678
209643087 1000 7985 20000
3994
1993244647 1000 5871 20000
30344
1140279070 1000 9000 20000
31208
1277792040 1000 8416 20000
19475
897259469 1000 7277 20000
11271
587611458 1000 7698 20000
10560
1784384570 1000 7815 20000
17038
21156975 1000 9000 20000
7411
958014284 1000 8554 20000
14775
848896101 1000 5676 20000
12854
771380772 1000 7366 20000
5302
2008581598 1000 5249 20000
9351
1542840453 1000 5529 20000
14104
132060376 1000 8610 20000
29121
607934994 1000 5846 20000
9711
1753115230 1000 7075 20000
29773
1619666564 1000 7052 20000
15022
1139002658 1000 9000 20000
2135
411907442 1000 7205 20000
21144
1031809601 1000 4998 20000
1481
995559265 1000 7727 20000
30165
102560052 1000 8496 20000
10302
386507060 1000 5863 20000
18771
1668143522 1000 8425 20000
7329